Key: StoreKey([0, 105, 29, 0, 0, 0, 122, 112, 111, 107, 101, 110, 45, 118, 97, 117, 108, 116, 45, 99, 111, 110, 116, 114, 97, 99, 116, 46, 116, 101, 115, 116, 110, 101, 116])
Value: StoreValue([0, 0, 0, 0, 0, 0, 0, 0])
Proof: 57XmwRbMyS55ghCV68aVU12N9kv6xSEF5sfpfZmWXidg
-----------------------------
Key: StoreKey([0, 107, 0, 0, 0, 0, 0, 0, 0, 0])
Value: StoreValue([29, 0, 0, 0, 122, 112, 111, 107, 101, 110, 45, 118, 97, 117, 108, 116, 45, 99, 111, 110, 116, 114, 97, 99, 116, 46, 116, 101, 115, 116, 110, 101, 116])
Proof: 57XmwRbMyS55ghCV68aVU12N9kv6xSEF5sfpfZmWXidg
-----------------------------
Key: StoreKey([0, 118, 0, 0, 0, 0, 0, 0, 0, 0])
Value: StoreValue([13, 0, 0, 0, 114, 101, 99, 101, 105, 118, 101, 114, 46, 110, 101, 97, 114, 10, 0, 0, 0, 97, 115, 115, 101, 116, 46, 110, 101, 97, 114, 0, 0, 0, 208, 121, 0, 161, 63, 121, 92, 118, 6, 0, 0, 0, 0])
Proof: 57XmwRbMyS55ghCV68aVU12N9kv6xSEF5sfpfZmWXidg
-----------------------------
Key: StoreKey([83, 84, 65, 84, 69])
Value: StoreValue([2, 0, 0, 0, 0, 105, 1, 0, 0, 0, 0, 0, 0, 0, 2, 0, 0, 0, 0, 107, 1, 0, 0, 0, 0, 0, 0, 0, 2, 0, 0, 0, 0, 118, 13, 0, 0, 0, 114, 101, 99, 101, 105, 118, 101, 114, 46, 110, 101, 97, 114, 10, 0, 0, 0, 97, 115, 115, 101, 116, 46, 110, 101, 97, 114, 0, 0, 0, 208, 121, 0, 161, 63, 121, 92, 118, 6, 0, 0, 0, 0, 3, 0, 0, 0, 0, 0, 0, 0, 0, 0, 0, 0, 0, 0, 0, 0])
Proof: 57XmwRbMyS55ghCV68aVU12N9kv6xSEF5sfpfZmWXidg
-----------------------------
